[gd_scene load_steps=5 format=3 uid="uid://r0lr0id6q0kw"]

[ext_resource type="Texture2D" uid="uid://dbloleksleayn" path="res://assets/carton_box_04_closed_0.jpg" id="1_6bnwv"]

[sub_resource type="StandardMaterial3D" id="StandardMaterial3D_bfenw"]
albedo_texture = ExtResource("1_6bnwv")

[sub_resource type="BoxMesh" id="BoxMesh_lmqf3"]

[sub_resource type="ConvexPolygonShape3D" id="ConvexPolygonShape3D_w8jie"]
points = PackedVector3Array(-0.5, -0.5, -0.5, 0.5, 0.5, 0.5, 0.5, -0.5, 0.5, 0.5, 0.5, -0.5, -0.5, 0.5, 0.5, 0.5, -0.5, -0.5, -0.5, -0.5, 0.5, -0.5, 0.5, -0.5)

[node name="item_overlay" type="Control"]
custom_minimum_size = Vector2(250, 0)
layout_mode = 3
anchors_preset = 9
anchor_bottom = 1.0
grow_vertical = 2

[node name="no_item_text" type="Label" parent="."]
z_index = 1
layout_mode = 2
offset_left = 6.0
offset_top = 460.975
offset_right = 244.0
offset_bottom = 639.975
size_flags_horizontal = 4
size_flags_vertical = 8
theme_override_font_sizes/font_size = 64
text = "no item
"
horizontal_alignment = 1
vertical_alignment = 1

[node name="SubViewportContainer" type="SubViewportContainer" parent="."]
layout_mode = 2
offset_left = -3.0
offset_top = 392.0
offset_right = 253.0
offset_bottom = 648.0

[node name="SubViewport" type="SubViewport" parent="SubViewportContainer"]
transparent_bg = true
handle_input_locally = false
size = Vector2i(256, 256)
render_target_update_mode = 4

[node name="DirectionalLight3D2" type="DirectionalLight3D" parent="SubViewportContainer/SubViewport"]
transform = Transform3D(0.0567843, 0.628216, -0.775964, 0.605976, 0.595997, 0.52686, 0.793454, -0.500133, -0.34684, -11.4479, 0, 0)
light_color = Color(0.31889, 0.491401, 0.677286, 1)
light_energy = 2.883

[node name="DirectionalLight3D" type="DirectionalLight3D" parent="SubViewportContainer/SubViewport"]
transform = Transform3D(-0.0574767, -0.166493, 0.984366, -3.44373e-09, 0.985996, 0.166769, -0.998347, 0.00958531, -0.0566718, 0, 0, 0)
light_color = Color(0.452574, 0.384917, 0.505313, 1)
light_energy = 3.958
shadow_bias = 0.464
shadow_blur = 10.0
directional_shadow_mode = 0
directional_shadow_max_distance = 25.0
sky_mode = 1

[node name="item_overlay_camera" type="Camera3D" parent="SubViewportContainer/SubViewport"]
transform = Transform3D(1, 0, 0, 0, 1, 0, 0, 0, 1, 0, 0, 3.89415)
visible = false
projection = 1
size = 1.75

[node name="flashlight" type="SpotLight3D" parent="SubViewportContainer/SubViewport/item_overlay_camera"]
transform = Transform3D(1, 0, 0, 0, 1, 0, 0, 0, 1, 0, 0.154216, -0.416483)
light_color = Color(0.79903, 0.707115, 0.61987, 1)
light_energy = 4.571
light_volumetric_fog_energy = 0.1
spot_range = 4.739
spot_attenuation = -0.1
spot_angle = 17.39
spot_angle_attenuation = 0.210224

[node name="box" type="RigidBody3D" parent="SubViewportContainer/SubViewport" groups=["grabbable"]]
transform = Transform3D(0.707107, 2.08616e-07, 0.707106, 0.353553, 0.866025, -0.353554, -0.612372, 0.5, 0.612373, 0, 0, 0)
visible = false
freeze = true

[node name="MeshInstance3D" type="MeshInstance3D" parent="SubViewportContainer/SubViewport/box"]
material_override = SubResource("StandardMaterial3D_bfenw")
mesh = SubResource("BoxMesh_lmqf3")
skeleton = NodePath("")

[node name="CollisionShape3D" type="CollisionShape3D" parent="SubViewportContainer/SubViewport/box"]
visible = false
shape = SubResource("ConvexPolygonShape3D_w8jie")
